D_A_avg_losses,D_B_avg_losses,G_A_avg_losses,G_B_avg_losses,cycle_A_avg_losses,cycle_B_avg_losses
0.24673892557621002,0.25966012477874756,0.39318618178367615,0.40129759907722473,2.859304189682007,3.0618691444396973
0.20391078293323517,0.1912921667098999,0.4154961407184601,0.38091617822647095,2.607501745223999,2.764988899230957
0.1946672946214676,0.1826290339231491,0.43817928433418274,0.3730201721191406,2.4351816177368164,2.607313632965088
0.1857883334159851,0.16753216087818146,0.41804736852645874,0.39121559262275696,2.3545589447021484,2.523817539215088
0.17928694188594818,0.17216089367866516,0.40214529633522034,0.4008626639842987,2.2063186168670654,2.2697536945343018
0.16542541980743408,0.16996034979820251,0.40132826566696167,0.4075065851211548,2.159543514251709,2.281161308288574
0.17960703372955322,0.17977651953697205,0.40351542830467224,0.4034816324710846,2.100970983505249,2.2703282833099365
0.16562652587890625,0.16324268281459808,0.4124058485031128,0.3870479464530945,2.0489447116851807,2.169829845428467
0.16613326966762543,0.1616470217704773,0.39800211787223816,0.4043756127357483,2.0526747703552246,2.1581761837005615
0.15451031923294067,0.16738680005073547,0.39323052763938904,0.4168107509613037,2.0022480487823486,2.199880599975586
0.15697400271892548,0.16196829080581665,0.4147173762321472,0.430399626493454,1.9721837043762207,2.1431102752685547
0.14648470282554626,0.15801000595092773,0.38681647181510925,0.4365012049674988,1.9489266872406006,2.135568857192993
0.15507853031158447,0.16857953369617462,0.38434916734695435,0.4236857295036316,1.927293062210083,1.9820475578308105
0.1494767665863037,0.15974046289920807,0.4135369062423706,0.4182300865650177,1.9306560754776,2.124008893966675
0.14659807085990906,0.1578233689069748,0.4232977032661438,0.41311922669410706,1.870398998260498,2.0187482833862305
0.14147555828094482,0.1542184203863144,0.41387465596199036,0.4527369737625122,1.8626182079315186,2.0440073013305664
0.13653944432735443,0.15989063680171967,0.3967721462249756,0.443835973739624,1.8058862686157227,1.9125648736953735
0.12435048818588257,0.15974850952625275,0.4254644811153412,0.4899522066116333,1.788812279701233,1.951480746269226
0.1161418929696083,0.15842586755752563,0.40328651666641235,0.5067911744117737,1.7934527397155762,1.9074296951293945
0.11368489265441895,0.16348525881767273,0.40271714329719543,0.5318864583969116,1.743107795715332,1.8534905910491943
0.11034882813692093,0.1667824387550354,0.4020063877105713,0.5462427139282227,1.7300829887390137,1.8789836168289185
0.10896600037813187,0.15487819910049438,0.4256017208099365,0.5610955953598022,1.7032023668289185,1.825809359550476
0.11191191524267197,0.1629011183977127,0.41102927923202515,0.5609424114227295,1.6819339990615845,1.7858892679214478
0.10261861979961395,0.14574363827705383,0.45254233479499817,0.579800546169281,1.669613003730774,1.814049482345581
0.10391592979431152,0.14450933039188385,0.4427906274795532,0.5541317462921143,1.6711002588272095,1.7694599628448486
0.09792248904705048,0.14765802025794983,0.4176484942436218,0.5525966286659241,1.6647868156433105,1.7695578336715698
0.10363218933343887,0.13743071258068085,0.4306144714355469,0.5348148345947266,1.6521774530410767,1.7756909132003784
0.09508848935365677,0.1296367645263672,0.4512783885002136,0.5713662505149841,1.6828677654266357,1.7660903930664062
0.08901487290859222,0.12873725593090057,0.4787546396255493,0.5815579891204834,1.6242702007293701,1.711219072341919
0.09639468789100647,0.11541925370693207,0.5019037127494812,0.5915855169296265,1.6162097454071045,1.6932435035705566
0.09504203498363495,0.11859603971242905,0.5105484127998352,0.6064196825027466,1.629299521446228,1.6642823219299316
0.09358490258455276,0.11779545992612839,0.5156339406967163,0.5988439321517944,1.609206199645996,1.6982262134552002
0.09220754355192184,0.11345935612916946,0.5092130899429321,0.6127030849456787,1.6015064716339111,1.6339030265808105
0.08613467961549759,0.11310683190822601,0.5040929913520813,0.601799726486206,1.6166540384292603,1.7208964824676514
0.09229322522878647,0.11619433760643005,0.49763545393943787,0.6091357469558716,1.5725502967834473,1.7420567274093628
0.08778724074363708,0.13237352669239044,0.48558127880096436,0.6207149624824524,1.5838466882705688,1.7348049879074097
0.08926047384738922,0.13096190989017487,0.4615786373615265,0.6190369725227356,1.5492849349975586,1.5931614637374878
0.07925613224506378,0.12705403566360474,0.4821065664291382,0.641183614730835,1.5389164686203003,1.5835729837417603
0.08188970386981964,0.12228239327669144,0.4792405962944031,0.6215493679046631,1.5422790050506592,1.6212682723999023
0.07859493046998978,0.11221753805875778,0.497406929731369,0.634135365486145,1.549534797668457,1.639350175857544
0.0841972827911377,0.11558464914560318,0.5187631845474243,0.6235824823379517,1.5240131616592407,1.5962275266647339
0.07972027361392975,0.11731021851301193,0.5138546228408813,0.6289541125297546,1.5189175605773926,1.5154238939285278
0.0779179260134697,0.12281331419944763,0.46036824584007263,0.6506000757217407,1.5492230653762817,1.6206612586975098
0.07848428934812546,0.13345728814601898,0.42417052388191223,0.6587361097335815,1.4932830333709717,1.546521782875061
0.07679324597120285,0.13786497712135315,0.41377031803131104,0.647442638874054,1.5051758289337158,1.6416575908660889
0.07737140357494354,0.14042934775352478,0.4402119517326355,0.656730592250824,1.5042873620986938,1.6205413341522217
0.07528942823410034,0.14393427968025208,0.4105871319770813,0.6494645476341248,1.4771648645401,1.5399141311645508
0.08044156432151794,0.1483134776353836,0.43408793210983276,0.6470077037811279,1.4632693529129028,1.5321192741394043
0.08051705360412598,0.13914956152439117,0.43550050258636475,0.6430857181549072,1.4799100160598755,1.5793547630310059
0.08498158305883408,0.1427953690290451,0.4312228262424469,0.6317390203475952,1.4589643478393555,1.5657742023468018
0.08698420226573944,0.1400480717420578,0.4120137393474579,0.6272732615470886,1.446956992149353,1.500861406326294
0.09570009261369705,0.15338817238807678,0.4147418737411499,0.5777581334114075,1.4333168268203735,1.5035698413848877
0.13038572669029236,0.1470930427312851,0.44579610228538513,0.49802157282829285,1.456512451171875,1.5375399589538574
0.14584389328956604,0.1478169709444046,0.41417935490608215,0.4665378928184509,1.4618128538131714,1.5303916931152344
0.13795292377471924,0.14551818370819092,0.4190938472747803,0.42329075932502747,1.4388437271118164,1.4997001886367798
0.13582438230514526,0.14831040799617767,0.42527496814727783,0.44913187623023987,1.4271470308303833,1.5194042921066284
0.1413177102804184,0.14795216917991638,0.44068923592567444,0.44140225648880005,1.4281997680664062,1.5067076683044434
0.13654546439647675,0.14893479645252228,0.44114530086517334,0.4208802282810211,1.4515548944473267,1.5334692001342773
0.13984088599681854,0.14514823257923126,0.4312818944454193,0.40970271825790405,1.4017802476882935,1.4995832443237305
0.1436246782541275,0.14698967337608337,0.4433058500289917,0.45033642649650574,1.4161280393600464,1.5377448797225952
0.13176046311855316,0.1399155855178833,0.4305168092250824,0.4512360394001007,1.432651400566101,1.57826828956604
0.1386261135339737,0.14451053738594055,0.42650771141052246,0.42824113368988037,1.4061965942382812,1.555294156074524
0.138352632522583,0.1462513953447342,0.427568256855011,0.4298095405101776,1.390876054763794,1.446135401725769
0.13670162856578827,0.14288529753684998,0.4238004982471466,0.4385925531387329,1.3966352939605713,1.4960156679153442
0.14089274406433105,0.1474687159061432,0.43530726432800293,0.4142879545688629,1.3958605527877808,1.4602447748184204
0.143468976020813,0.14579303562641144,0.4230564832687378,0.4230751395225525,1.3969292640686035,1.4800664186477661
0.1374276578426361,0.14907535910606384,0.43429937958717346,0.4392475485801697,1.3864009380340576,1.4499098062515259
0.13339486718177795,0.14826422929763794,0.4434511661529541,0.43187251687049866,1.3855960369110107,1.4170767068862915
0.1385459452867508,0.1402377188205719,0.448639452457428,0.42960190773010254,1.3653759956359863,1.4711940288543701
0.13943739235401154,0.14765548706054688,0.44125184416770935,0.4320787489414215,1.3773504495620728,1.4581341743469238
0.13261888921260834,0.14026540517807007,0.4496452212333679,0.4530349671840668,1.368996024131775,1.4660207033157349
0.13163986802101135,0.14092282950878143,0.4524570107460022,0.44975101947784424,1.3705636262893677,1.452582836151123
0.13110704720020294,0.13873666524887085,0.4475661814212799,0.4621017575263977,1.3543339967727661,1.459441065788269
0.13096052408218384,0.14497193694114685,0.432007759809494,0.4430970847606659,1.3467164039611816,1.3964039087295532
0.12949655950069427,0.14279907941818237,0.4316903054714203,0.43395355343818665,1.3379876613616943,1.409430742263794
0.13437865674495697,0.14405874907970428,0.45147594809532166,0.45703426003456116,1.361932396888733,1.4644064903259277
0.12894369661808014,0.14514070749282837,0.4341445565223694,0.44241252541542053,1.3365647792816162,1.463320016860962
0.12525932490825653,0.14951376616954803,0.4312138855457306,0.4560326635837555,1.3417147397994995,1.4410547018051147
0.1330818235874176,0.1451374590396881,0.41613638401031494,0.4331212639808655,1.3315231800079346,1.4484513998031616
0.12857545912265778,0.1380784660577774,0.47252196073532104,0.45797252655029297,1.3462544679641724,1.4421823024749756
0.12851795554161072,0.14118856191635132,0.4245491921901703,0.48595088720321655,1.3354218006134033,1.4236468076705933
0.12857173383235931,0.14619313180446625,0.4508861303329468,0.4856085181236267,1.3413516283035278,1.4165552854537964
0.12587030231952667,0.14585983753204346,0.4248046576976776,0.467733770608902,1.3341478109359741,1.4686471223831177
0.12499672174453735,0.14220724999904633,0.4479348063468933,0.4580375552177429,1.312058448791504,1.4253017902374268
0.12884588539600372,0.1503167599439621,0.4356655180454254,0.47071829438209534,1.3058429956436157,1.3686844110488892
0.13377434015274048,0.1427648663520813,0.43304044008255005,0.4581316411495209,1.3344182968139648,1.466355562210083
0.12467977404594421,0.14101742208003998,0.4402211010456085,0.46894875168800354,1.3253201246261597,1.3842509984970093
0.12807989120483398,0.14657920598983765,0.42574429512023926,0.4817483425140381,1.3085105419158936,1.411376953125
0.12450838834047318,0.14701323211193085,0.433724969625473,0.4626208543777466,1.2904052734375,1.3682266473770142
0.12821535766124725,0.14738884568214417,0.44412297010421753,0.4765153229236603,1.3062105178833008,1.3984017372131348
0.12500277161598206,0.1419602781534195,0.4345407783985138,0.4697641432285309,1.2967042922973633,1.390405297279358
0.12211530655622482,0.1438719630241394,0.44059184193611145,0.4852628707885742,1.2981675863265991,1.377763032913208
0.13006867468357086,0.14800359308719635,0.4508822560310364,0.455252081155777,1.3166375160217285,1.4307478666305542
0.12483729422092438,0.139731764793396,0.46065863966941833,0.48973801732063293,1.2925162315368652,1.4019970893859863
0.1248452439904213,0.15166963636875153,0.4340878427028656,0.4654434323310852,1.2929279804229736,1.4148774147033691
0.1226617842912674,0.14366485178470612,0.45108795166015625,0.5042354464530945,1.287899374961853,1.3784584999084473
0.12003280967473984,0.1447165608406067,0.44664686918258667,0.478191077709198,1.281769871711731,1.343138575553894
0.12001936882734299,0.1455620974302292,0.4472760856151581,0.47588086128234863,1.2582602500915527,1.3642032146453857
0.11981075257062912,0.14618366956710815,0.44846469163894653,0.4726565182209015,1.2764226198196411,1.358651876449585
0.12157316505908966,0.1467592567205429,0.4394080340862274,0.4722164571285248,1.2901402711868286,1.370904564857483
